1 2 -3.238350345743445e-02
1 3 -3.113546259527567e-04
1 4 5.135760128672678e-03
1 5 -6.338163896795842e-03
1 6 -1.659286558047776e-02
1 7 -5.290963128236937e-03
1 8 -5.091743213893894e-02
1 9 -1.501473604965522e-03
1 10 -1.418000036958718e-01
2 3 -2.127681139073752e-01
2 4 -5.604594610853549e-04
2 5 -3.782489915848136e-05
2 6 -8.748653778961269e-04
2 7 -5.546517192727506e-04
2 8 -2.439195653457315e-03
2 9 -7.003089836891525e-05
2 10 -3.113546259527127e-04
3 4 3.215132518240913e-03
3 5 -4.296913710678907e-03
3 6 -6.357729875382689e-03
3 7 -3.481265425537358e-03
3 8 -1.267780815278934e-02
3 9 -1.151183627582516e-03
3 10 -1.217076319294346e-02
4 5 -2.181807947793527e-01
4 6 -1.534721349138213e-02
4 7 -9.256617378287904e-03
4 8 -4.244590763991393e-03
4 9 -9.137339905682867e-03
4 10 -1.623876867132203e-03
5 6 -1.474545196492672e-02
5 7 -1.190472050821046e-02
5 8 -1.682223153713621e-03
5 9 7.144988997261782e-03
5 10 4.110391557404005e-05
6 7 -1.682162745315073e-01
6 8 -3.634530379800598e-05
6 9 -2.655149550552129e-02
6 10 -1.277758369108128e-03
7 8 -4.833500708067982e-02
7 9 -1.444083527751857e-03
7 10 -1.516416700515776e-03
8 9 -1.278079246079855e-01
8 10 -1.859473144647017e-03
9 10 -8.948145731940428e-02
