1 2 -5.222728617106112e-02
1 3 4.276354724549412e-02
1 4 -1.791399558992361e-02
1 5 1.670515598990837e-02
1 6 -5.346479695060054e-02
1 7 2.871873064167165e-02
1 8 -6.294953598149805e-02
1 9 6.259870896429401e-02
1 10 -2.142305281482850e-01
2 3 -2.404928840566366e-01
2 4 4.657005205065502e-03
2 5 -3.766007159959285e-03
2 6 1.337565858923875e-02
2 7 -6.906923300365447e-03
2 8 1.136257980925363e-02
2 9 -1.325143373209514e-02
2 10 3.724929081655970e-02
3 4 -5.775218697629744e-03
3 5 4.675557935338485e-03
3 6 -1.669469032606472e-02
3 7 8.367172597568293e-03
3 8 -1.380858458004648e-02
3 9 1.563742245773193e-02
3 10 -4.467232257575532e-02
4 5 -2.052329963908622e-01
4 6 6.881151024494497e-02
4 7 -1.155486748896109e-01
4 8 4.515479043149281e-02
4 9 -3.683637296189672e-02
4 10 1.268395264841962e-02
5 6 -1.089155534904007e-01
5 7 7.278786168972082e-02
5 8 -5.362824415247040e-02
5 9 3.947194293474910e-02
5 10 -1.209771735602435e-02
6 7 -1.541739344592186e-01
6 8 7.735389424112871e-02
6 9 -1.141032239981264e-01
6 10 3.781113614909831e-02
7 8 -1.266086521932517e-01
7 9 6.447508397358419e-02
7 10 -2.111066406009866e-02
8 9 -1.746176138694678e-01
8 10 4.774136629485900e-02
9 10 -9.337451376877347e-02
