1 2 9.999999999999980e-01 1 2
1 3 4.714969263230580e-01 1 4
1 4 1.442286018665952e+00 2 8
1 5 8.297686809325786e-01 3 16
1 6 1.388194060682572e+00 4 32
1 7 9.623622280002022e-01 4 16
1 8 1.253276980078249e+00 3 8
1 9 1.072838000402031e+00 2 4
1 10 9.999999999999978e-01 1 2
2 3 9.999999999999980e-01 1 2
2 4 1.983900779603861e+00 2 4
2 5 1.393224137325509e+00 3 8
2 6 1.980410127553388e+00 4 16
2 7 1.608890429869543e+00 4 32
2 8 1.941925839179480e+00 4 16
2 9 1.813602757163969e+00 3 8
2 10 1.806550767178200e+00 2 4
3 4 9.999999999999983e-01 1 2
3 5 4.235902945052026e-01 2 4
3 6 1.053400944297800e+00 3 8
3 7 7.291014238713426e-01 3 16
3 8 1.120910703762649e+00 1 10
3 9 1.028429303790316e+00 1 10
3 10 1.080651640928108e+00 1 8
4 5 9.999999999999987e-01 1 2
4 6 1.830374026525007e+00 2 4
4 7 1.604149379676645e+00 2 8
4 8 2.034497024508578e+00 1 9
4 9 1.965193926266219e+00 2 20
4 10 2.029813161942841e+00 2 16
5 6 9.999999999999998e-01 1 2
5 7 8.571895069676990e-01 1 4
5 8 1.360912654203627e+00 2 8
5 9 1.319765335608442e+00 3 16
5 10 1.401135369093975e+00 4 32
6 7 9.999999999999998e-01 1 2
6 8 1.680298918773087e+00 2 4
6 9 1.730129822778367e+00 3 8
6 10 1.870465480854846e+00 4 16
7 8 9.999999999999982e-01 1 2
7 9 1.155678602068004e+00 2 4
7 10 1.376069579130736e+00 3 8
8 9 9.999999999999982e-01 1 2
8 10 1.441444834067015e+00 2 4
9 10 9.999999999999973e-01 1 2
