1 2 9.999999999999996e-01 1 2
1 3 2.321266745219761e-01 1 4
1 4 1.229402612530167e+00 2 8
1 5 1.007435820062251e+00 3 16
1 6 1.392314329850016e+00 3 32
1 7 1.135054965938139e+00 2 16
1 8 1.198231166861342e+00 1 8
1 9 6.618233754855516e-01 1 4
1 10 9.999999999999996e-01 1 2
2 3 9.999999999999996e-01 1 2
2 4 1.998862251233053e+00 2 4
2 5 1.780178625076797e+00 3 8
2 6 2.178577774472140e+00 3 16
2 7 1.929526762522744e+00 3 32
2 8 1.999655130024125e+00 2 16
2 9 1.520080484468225e+00 2 8
2 10 1.915112288241457e+00 2 4
3 4 9.999999999999996e-01 1 2
3 5 7.819788937736201e-01 2 4
3 6 1.190148437452506e+00 2 8
3 7 9.478126964454953e-01 2 16
3 8 1.025576501672934e+00 1 10
3 9 5.585517501626593e-01 2 16
3 10 1.008176448416155e+00 2 8
4 5 9.999999999999992e-01 1 2
4 6 1.653778208321016e+00 1 4
4 7 1.806865066962903e+00 1 8
4 8 1.964365925420600e+00 1 8
4 9 1.536689170746649e+00 2 16
4 10 1.995608231019805e+00 3 16
5 6 9.999999999999993e-01 1 2
5 7 1.321083509401747e+00 2 4
5 8 1.652177452245597e+00 3 8
5 9 1.282644094151193e+00 4 16
5 10 1.766741249271010e+00 5 32
6 7 9.999999999999996e-01 1 2
6 8 1.537517611676441e+00 2 4
6 9 1.481547030919853e+00 3 8
6 10 2.071649524362357e+00 4 16
7 8 9.999999999999993e-01 1 2
7 9 1.129668999198566e+00 2 4
7 10 1.781408307583423e+00 3 8
8 9 9.999999999999998e-01 1 2
8 10 1.742116697758545e+00 2 4
9 10 9.999999999999998e-01 1 2
