1 2 -1.810129578070916e-01
1 3 1.675701889708387e-01
1 4 -7.359871807527057e-02
1 5 7.292629828684125e-02
1 6 -1.596238726356232e-01
1 7 1.576972440743697e-01
1 8 -2.541726717996411e-01
1 9 2.286069010229300e-01
1 10 -3.775242903919294e-01
2 3 -4.614177592405951e-01
2 4 4.892008071467958e-02
2 5 -4.802759264587209e-02
2 6 9.458315549696773e-02
2 7 -9.489088748483887e-02
2 8 1.288491571913159e-01
2 9 -1.105820496881165e-01
2 10 1.374500371017269e-01
3 4 -5.208632729182595e-02
3 5 5.205537387661447e-02
3 6 -1.008329792256062e-01
3 7 1.008348513039073e-01
3 8 -1.360275454636546e-01
3 9 1.142944601510920e-01
3 10 -1.415586341631333e-01
4 5 -4.664477293007877e-01
4 6 1.667639094793768e-01
4 7 -1.470274335237559e-01
4 8 8.250754457753953e-02
4 9 -6.348019707902280e-02
4 10 6.243437940184204e-02
5 6 -1.683896815757583e-01
5 7 1.494790316732307e-01
5 8 -7.922364913940061e-02
5 9 6.214324114848344e-02
5 10 -5.902580355794110e-02
6 7 -4.122890081687135e-01
6 8 1.954111028527468e-01
6 9 -1.837794442973024e-01
6 10 1.404690654751653e-01
7 8 -2.307568213363051e-01
7 9 1.814918989915109e-01
7 10 -1.414404193029223e-01
8 9 -3.623088212066904e-01
8 10 2.264250964307508e-01
9 10 -3.005965727601858e-01
