1 2 -1.044545723421222e-01
1 3 8.552709449098819e-02
1 4 -3.582799117984739e-02
1 5 3.341031197981696e-02
1 6 -1.069295939012012e-01
1 7 5.743746128334332e-02
1 8 -1.258990719629961e-01
1 9 1.251974179285880e-01
1 10 -4.284610562965698e-01
2 3 -4.809857681132732e-01
2 4 9.314010410131036e-03
2 5 -7.532014319918634e-03
2 6 2.675131717847747e-02
2 7 -1.381384660073086e-02
2 8 2.272515961850715e-02
2 9 -2.650286746419010e-02
2 10 7.449858163311930e-02
3 4 -1.155043739525952e-02
3 5 9.351115870677018e-03
3 6 -3.338938065212937e-02
3 7 1.673434519513652e-02
3 8 -2.761716916009279e-02
3 9 3.127484491546359e-02
3 10 -8.934464515151053e-02
4 5 -4.104659927817247e-01
4 6 1.376230204898904e-01
4 7 -2.310973497792219e-01
4 8 9.030958086298563e-02
4 9 -7.367274592379355e-02
4 10 2.536790529683932e-02
5 6 -2.178311069808020e-01
5 7 1.455757233794420e-01
5 8 -1.072564883049411e-01
5 9 7.894388586949851e-02
5 10 -2.419543471204885e-02
6 7 -3.083478689184375e-01
6 8 1.547077884822576e-01
6 9 -2.282064479962528e-01
6 10 7.562227229819661e-02
7 8 -2.532173043865035e-01
7 9 1.289501679471684e-01
7 10 -4.222132812019733e-02
8 9 -3.492352277389356e-01
8 10 9.548273258971787e-02
9 10 -1.867490275375468e-01
