1 2 -1.566818585131834e-01
1 3 1.282906417364823e-01
1 4 -5.374198676977099e-02
1 5 5.011546796972532e-02
1 6 -1.603943908518017e-01
1 7 8.615619192501496e-02
1 8 -1.888486079444942e-01
1 9 1.877961268928819e-01
1 10 -6.426915844448549e-01
2 3 -7.214786521699099e-01
2 4 1.397101561519655e-02
2 5 -1.129802147987792e-02
2 6 4.012697576771621e-02
2 7 -2.072076990109631e-02
2 8 3.408773942776078e-02
2 9 -3.975430119628524e-02
2 10 1.117478724496790e-01
3 4 -1.732565609288926e-02
3 5 1.402667380601550e-02
3 6 -5.008407097819409e-02
3 7 2.510151779270482e-02
3 8 -4.142575374013927e-02
3 9 4.691226737319552e-02
3 10 -1.340169677272658e-01
4 5 -6.156989891725868e-01
4 6 2.064345307348354e-01
4 7 -3.466460246688328e-01
4 8 1.354643712944784e-01
4 9 -1.105091188856902e-01
4 10 3.805185794525894e-02
5 6 -3.267466604712027e-01
5 7 2.183635850691628e-01
5 8 -1.608847324574115e-01
5 9 1.184158288042476e-01
5 10 -3.629315206807319e-02
6 7 -4.625218033776561e-01
6 8 2.320616827233863e-01
6 9 -3.423096719943792e-01
6 10 1.134334084472949e-01
7 8 -3.798259565797552e-01
7 9 1.934252519207526e-01
7 10 -6.333199218029598e-02
8 9 -5.238528416084034e-01
8 10 1.432240988845769e-01
9 10 -2.801235413063202e-01
