1 2 -2.133964612645261e-01
1 3 1.672588343448860e-01
1 4 -6.846295794659787e-02
1 5 6.658813439004541e-02
1 6 -1.762167382161010e-01
1 7 1.524062809461328e-01
1 8 -3.050901039385800e-01
1 9 2.271054274179645e-01
1 10 -5.193242940878012e-01
2 3 -6.741858731479703e-01
2 4 4.835962125359423e-02
2 5 -4.806541754503058e-02
2 6 9.370829011907161e-02
2 7 -9.544553920411161e-02
2 8 1.264099615378586e-01
2 9 -1.106520805864854e-01
2 10 1.371386824757742e-01
3 4 -4.887119477358502e-02
3 5 4.775846016593557e-02
3 6 -1.071907091009889e-01
3 7 9.735358587836995e-02
3 8 -1.487053536164439e-01
3 9 1.131432765235095e-01
3 10 -1.537293973560767e-01
4 5 -6.846285240801404e-01
4 6 1.514166959879946e-01
4 7 -1.562840509020438e-01
4 8 7.826295381354816e-02
4 9 -7.261753698470566e-02
4 10 6.081050253470983e-02
5 6 -1.831351335406850e-01
5 7 1.375743111650203e-01
5 8 -8.090587229311424e-02
5 9 6.928823014574521e-02
5 10 -5.898469964236706e-02
6 7 -5.805052827002208e-01
6 8 1.953747575489488e-01
6 9 -2.103309398028237e-01
6 10 1.391913071060571e-01
7 8 -2.790918284169849e-01
7 9 1.800478154637591e-01
7 10 -1.429568360034381e-01
8 9 -4.901167458146760e-01
8 10 2.245656232861038e-01
9 10 -3.900780300795901e-01
